solid CATIA STL
  facet normal  9.999999e-001  0.000000e+000  0.000000e+000
    outer loop
      vertex  8.500000e-001 -3.535534e-001  3.535534e-001
      vertex  8.500000e-001  3.535534e-001  3.535534e-001
      vertex  8.500000e-001  3.061617e-017  5.000000e-001
    endloop
  endfacet
  facet normal  1.000000e+000  -0.000000e+000  0.000000e+000
    outer loop
      vertex  8.500000e-001  3.535534e-001  3.535534e-001
      vertex  8.500000e-001 -3.535534e-001  3.535534e-001
      vertex  8.500000e-001  5.000000e-001  0.000000e+000
    endloop
  endfacet
  facet normal  9.999999e-001  0.000000e+000  0.000000e+000
    outer loop
      vertex  8.500000e-001  5.000000e-001  0.000000e+000
      vertex  8.500000e-001 -3.535534e-001  3.535534e-001
      vertex  8.500000e-001 -5.000000e-001  6.123234e-017
    endloop
  endfacet
  facet normal  9.999999e-001  0.000000e+000  0.000000e+000
    outer loop
      vertex  8.500000e-001  5.000000e-001  0.000000e+000
      vertex  8.500000e-001 -5.000000e-001  6.123234e-017
      vertex  8.500000e-001  3.535534e-001 -3.535534e-001
    endloop
  endfacet
  facet normal  1.000000e+000  0.000000e+000  0.000000e+000
    outer loop
      vertex  8.500000e-001  3.535534e-001 -3.535534e-001
      vertex  8.500000e-001 -5.000000e-001  6.123234e-017
      vertex  8.500000e-001 -3.535534e-001 -3.535534e-001
    endloop
  endfacet
  facet normal  9.999999e-001  -0.000000e+000  0.000000e+000
    outer loop
      vertex  8.500000e-001  3.535534e-001 -3.535534e-001
      vertex  8.500000e-001 -3.535534e-001 -3.535534e-001
      vertex  8.500000e-001 -9.184851e-017 -5.000000e-001
    endloop
  endfacet
  facet normal -9.999999e-001  0.000000e+000  0.000000e+000
    outer loop
      vertex -8.500000e-001  3.061617e-017  5.000000e-001
      vertex -8.500000e-001  3.535534e-001  3.535534e-001
      vertex -8.500000e-001 -3.535534e-001  3.535534e-001
    endloop
  endfacet
  facet normal -9.999999e-001  0.000000e+000  0.000000e+000
    outer loop
      vertex -8.500000e-001 -9.184851e-017 -5.000000e-001
      vertex -8.500000e-001 -3.535534e-001 -3.535534e-001
      vertex -8.500000e-001  3.535534e-001 -3.535534e-001
    endloop
  endfacet
  facet normal -1.000000e+000  0.000000e+000  0.000000e+000
    outer loop
      vertex -8.500000e-001  3.535534e-001 -3.535534e-001
      vertex -8.500000e-001 -3.535534e-001 -3.535534e-001
      vertex -8.500000e-001 -5.000000e-001  6.123234e-017
    endloop
  endfacet
  facet normal -9.999999e-001  0.000000e+000  0.000000e+000
    outer loop
      vertex -8.500000e-001  3.535534e-001 -3.535534e-001
      vertex -8.500000e-001 -5.000000e-001  6.123234e-017
      vertex -8.500000e-001  5.000000e-001  0.000000e+000
    endloop
  endfacet
  facet normal -9.999999e-001  0.000000e+000  0.000000e+000
    outer loop
      vertex -8.500000e-001  5.000000e-001  0.000000e+000
      vertex -8.500000e-001 -5.000000e-001  6.123234e-017
      vertex -8.500000e-001 -3.535534e-001  3.535534e-001
    endloop
  endfacet
  facet normal -1.000000e+000  0.000000e+000  0.000000e+000
    outer loop
      vertex -8.500000e-001  5.000000e-001  0.000000e+000
      vertex -8.500000e-001 -3.535534e-001  3.535534e-001
      vertex -8.500000e-001  3.535534e-001  3.535534e-001
    endloop
  endfacet
  facet normal  0.000000e+000  9.238795e-001 -3.826835e-001
    outer loop
      vertex -8.500000e-001  5.000000e-001  0.000000e+000
      vertex  8.500000e-001  5.000000e-001  0.000000e+000
      vertex -8.500000e-001  3.535534e-001 -3.535534e-001
    endloop
  endfacet
  facet normal  0.000000e+000  9.238795e-001 -3.826835e-001
    outer loop
      vertex -8.500000e-001  3.535534e-001 -3.535534e-001
      vertex  8.500000e-001  5.000000e-001  0.000000e+000
      vertex  8.500000e-001  3.535534e-001 -3.535534e-001
    endloop
  endfacet
  facet normal  0.000000e+000  3.826835e-001 -9.238795e-001
    outer loop
      vertex -8.500000e-001  3.535534e-001 -3.535534e-001
      vertex  8.500000e-001  3.535534e-001 -3.535534e-001
      vertex -8.500000e-001 -9.184851e-017 -5.000000e-001
    endloop
  endfacet
  facet normal  0.000000e+000  3.826835e-001 -9.238795e-001
    outer loop
      vertex -8.500000e-001 -9.184851e-017 -5.000000e-001
      vertex  8.500000e-001  3.535534e-001 -3.535534e-001
      vertex  8.500000e-001 -9.184851e-017 -5.000000e-001
    endloop
  endfacet
  facet normal  -0.000000e+000 -3.826835e-001 -9.238795e-001
    outer loop
      vertex -8.500000e-001 -9.184851e-017 -5.000000e-001
      vertex  8.500000e-001 -9.184851e-017 -5.000000e-001
      vertex -8.500000e-001 -3.535534e-001 -3.535534e-001
    endloop
  endfacet
  facet normal  0.000000e+000 -3.826835e-001 -9.238795e-001
    outer loop
      vertex -8.500000e-001 -3.535534e-001 -3.535534e-001
      vertex  8.500000e-001 -9.184851e-017 -5.000000e-001
      vertex  8.500000e-001 -3.535534e-001 -3.535534e-001
    endloop
  endfacet
  facet normal  -0.000000e+000 -9.238795e-001 -3.826835e-001
    outer loop
      vertex -8.500000e-001 -3.535534e-001 -3.535534e-001
      vertex  8.500000e-001 -3.535534e-001 -3.535534e-001
      vertex -8.500000e-001 -5.000000e-001  6.123234e-017
    endloop
  endfacet
  facet normal  0.000000e+000 -9.238795e-001 -3.826835e-001
    outer loop
      vertex -8.500000e-001 -5.000000e-001  6.123234e-017
      vertex  8.500000e-001 -3.535534e-001 -3.535534e-001
      vertex  8.500000e-001 -5.000000e-001  6.123234e-017
    endloop
  endfacet
  facet normal  0.000000e+000 -9.238795e-001  3.826835e-001
    outer loop
      vertex -8.500000e-001 -5.000000e-001  6.123234e-017
      vertex  8.500000e-001 -5.000000e-001  6.123234e-017
      vertex -8.500000e-001 -3.535534e-001  3.535534e-001
    endloop
  endfacet
  facet normal  0.000000e+000 -9.238795e-001  3.826835e-001
    outer loop
      vertex -8.500000e-001 -3.535534e-001  3.535534e-001
      vertex  8.500000e-001 -5.000000e-001  6.123234e-017
      vertex  8.500000e-001 -3.535534e-001  3.535534e-001
    endloop
  endfacet
  facet normal  0.000000e+000 -3.826835e-001  9.238795e-001
    outer loop
      vertex -8.500000e-001 -3.535534e-001  3.535534e-001
      vertex  8.500000e-001 -3.535534e-001  3.535534e-001
      vertex -8.500000e-001  3.061617e-017  5.000000e-001
    endloop
  endfacet
  facet normal  0.000000e+000 -3.826835e-001  9.238795e-001
    outer loop
      vertex -8.500000e-001  3.061617e-017  5.000000e-001
      vertex  8.500000e-001 -3.535534e-001  3.535534e-001
      vertex  8.500000e-001  3.061617e-017  5.000000e-001
    endloop
  endfacet
  facet normal  0.000000e+000  3.826835e-001  9.238795e-001
    outer loop
      vertex -8.500000e-001  3.061617e-017  5.000000e-001
      vertex  8.500000e-001  3.061617e-017  5.000000e-001
      vertex -8.500000e-001  3.535534e-001  3.535534e-001
    endloop
  endfacet
  facet normal  -0.000000e+000  3.826835e-001  9.238795e-001
    outer loop
      vertex -8.500000e-001  3.535534e-001  3.535534e-001
      vertex  8.500000e-001  3.061617e-017  5.000000e-001
      vertex  8.500000e-001  3.535534e-001  3.535534e-001
    endloop
  endfacet
  facet normal  0.000000e+000  9.238795e-001  3.826835e-001
    outer loop
      vertex -8.500000e-001  3.535534e-001  3.535534e-001
      vertex  8.500000e-001  3.535534e-001  3.535534e-001
      vertex -8.500000e-001  5.000000e-001  0.000000e+000
    endloop
  endfacet
  facet normal  -0.000000e+000  9.238795e-001  3.826835e-001
    outer loop
      vertex -8.500000e-001  5.000000e-001  0.000000e+000
      vertex  8.500000e-001  3.535534e-001  3.535534e-001
      vertex  8.500000e-001  5.000000e-001  0.000000e+000
    endloop
  endfacet
endsolid CATIA STL
